DMSP 5D-3 F16 (USA 172) 
1 28054U 03048A   25344.99647069  .00000199  00000+0  12788-3 0  9999
2 28054  99.0048   2.4397 0006562 326.3382  64.4400 14.14423232142889
METEOSAT-9 (MSG-2)      
1 28912U 05049B   25344.85939461  .00000127  00000+0  00000+0 0  9991
2 28912   8.9357  55.9949 0003704 190.2808 188.5842  1.00275463  5110
DMSP 5D-3 F17 (USA 191) 
1 29522U 06050A   25344.93203024  .00000261  00000+0  15763-3 0  9995
2 29522  98.7394 350.3588 0009332 230.5154 129.5195 14.14918237985791
FENGYUN 3A              
1 32958U 08026A   25344.57095578  .00000211  00000+0  12071-3 0  9994
2 32958  98.6695 284.1435 0007991 317.2846  42.7709 14.19513473908640
GOES 14                 
1 35491U 09033A   25344.68545784 -.00000046  00000+0  00000+0 0  9991
2 35491   1.1989  85.3725 0003441 333.0778 159.5039  1.00162418  4701
DMSP 5D-3 F18 (USA 210) 
1 35951U 09057A   25344.88721101  .00000407  00000+0  23418-3 0  9991
2 35951  98.8833 321.2973 0012076  67.5863 292.6589 14.14767473832965
EWS-G2 (GOES 15)        
1 36411U 10008A   25344.87362477  .00000043  00000+0  00000+0 0  9991
2 36411   0.8096  86.0630 0005839 174.0938 195.6129  1.00269266 57759
COMS 1                  
1 36744U 10032A   25344.66102947 -.00000340  00000+0  00000+0 0  9999
2 36744   4.3367  78.0199 0001137 211.0495 156.7077  1.00270630 49204
FENGYUN 3B              
1 37214U 10059A   25344.97412260  .00000110  00000+0  80619-4 0  9990
2 37214  98.9905  24.9385 0022126   2.7337  44.3243 14.14788385780818
SUOMI NPP               
1 37849U 11061A   25344.93148644  .00000178  00000+0  10545-3 0  9990
2 37849  98.7771 282.2893 0002187 123.4307 236.7078 14.19513325731732
METEOSAT-10 (MSG-3)     
1 38552U 12035B   25344.84964369 -.00000001  00000+0  00000+0 0  9991
2 38552   4.2248  61.7284 0000828 245.7095  78.4106  1.00274412 48967
METOP-B                 
1 38771U 12049A   25344.89239169  .00000203  00000+0  11265-3 0  9999
2 38771  98.6802  34.8824 0002832 148.0562 212.0788 14.21407222686510
INSAT-3D                
1 39216U 13038B   25344.87529719 -.00000334  00000+0  00000+0 0  9991
2 39216   1.4404  85.0095 0001566 163.5597 275.9256  1.00270729 45190
FENGYUN 3C              
1 39260U 13052A   25344.90710582  .00000197  00000+0  12128-3 0  9994
2 39260  98.4761 322.6760 0014182 201.4761 158.5821 14.15695396631920
METEOR-M 2              
1 40069U 14037A   25344.91809144  .00000332  00000+0  17116-3 0  9994
2 40069  98.4904 322.5721 0004938 215.7984 144.2864 14.21385613592578
HIMAWARI-8              
1 40267U 14060A   25344.87746388 -.00000271  00000+0  00000+0 0  9998
2 40267   0.0344 201.0454 0001235 100.3190 235.0267  1.00270352 40877
FENGYUN 2G              
1 40367U 14090A   25344.84925571 -.00000296  00000+0  00000+0 0  9999
2 40367   5.1637  75.1179 0003127 194.7733 215.2369  1.00264635 40112
METEOSAT-11 (MSG-4)     
1 40732U 15034A   25344.85146370  .00000066  00000+0  00000+0 0  9991
2 40732   2.7306  72.0062 0000949 124.0282 199.6353  1.00266905  5329
ELEKTRO-L 2             
1 41105U 15074A   25343.06331611 -.00000116  00000+0  00000+0 0  9993
2 41105   6.2161  72.8685 0003836 198.9202 174.5582  1.00271905 36608
INSAT-3DR               
1 41752U 16054A   25344.85977924 -.00000072  00000+0  00000+0 0  9992
2 41752   0.0873  86.5694 0014449 183.9486 192.8337  1.00270590 33933
HIMAWARI-9              
1 41836U 16064A   25344.87746388 -.00000269  00000+0  00000+0 0  9994
2 41836   0.0294  85.2644 0001178 182.8349 268.4113  1.00272945 33326
GOES 16                 
1 41866U 16071A   25344.82875691 -.00000086  00000+0  00000+0 0  9997
2 41866   0.0654 104.0037 0003335 157.7169  11.7576  1.00271315 33213
FENGYUN 4A              
1 41882U 16077A   25344.87399719 -.00000352  00000+0  00000+0 0  9994
2 41882   1.8446  82.4004 0004961 145.8302 290.0903  1.00270494 33049
CYGFM05                 
1 41884U 16078A   25344.61056933  .00028182  00000+0  53014-3 0  9994
2 41884  34.9599  61.0380 0009831 163.8231 196.2806 15.47511355499437
CYGFM04                 
1 41885U 16078B   25344.82907241  .00031045  00000+0  53050-3 0  9997
2 41885  34.9355  34.4424 0009266 193.6147 166.4326 15.50228881499642
CYGFM02                 
1 41886U 16078C   25344.82843839  .00032260  00000+0  52444-3 0  9996
2 41886  34.9444  32.7978 0010905 193.1509 166.8931 15.51599098499778
CYGFM01                 
1 41887U 16078D   25344.92588220  .00028881  00000+0  53215-3 0  9999
2 41887  34.9432  61.3408 0009424 158.7693 201.3421 15.48103632499429
CYGFM08                 
1 41888U 16078E   25344.85418484  .00029116  00000+0  51397-3 0  9997
2 41888  34.9464  44.8236 0011340 182.0254 178.0423 15.49298183499646
CYGFM07                 
1 41890U 16078G   25344.53502125  .00031070  00000+0  53788-3 0  9999
2 41890  34.9483  35.9073 0009682 196.6766 163.3639 15.49858644499612
CYGFM03                 
1 41891U 16078H   25344.56445817  .00030426  00000+0  52874-3 0  9996
2 41891  34.9436  37.6317 0008968 184.0085 176.0566 15.49761353499599
FENGYUN 3D              
1 43010U 17072A   25344.90586199  .00000026  00000+0  34177-4 0  9993
2 43010  98.9893 311.1883 0000853 189.1616 170.9544 14.19682160418279
NOAA 20 (JPSS-1)        
1 43013U 17073A   25344.87582843  .00000177  00000+0  10464-3 0  9994
2 43013  98.7596 281.1930 0002152  89.8521 270.2902 14.19524941417750
GOES 17                 
1 43226U 18022A   25344.83187692 -.00000178  00000+0  00000+0 0  9997
2 43226   0.4552  89.1343 0003345 187.0598  13.5882  1.00271611 28530
FENGYUN 2H              
1 43491U 18050A   25344.86533045 -.00000125  00000+0  00000+0 0  9994
2 43491   2.5463  81.3471 0002916 165.8148 223.5516  1.00271047 27553
METOP-C                 
1 43689U 18087A   25344.92120779  .00000205  00000+0  11366-3 0  9995
2 43689  98.6930  42.7190 0001364  41.1277 319.0003 14.21483024368086
GEO-KOMPSAT-2A          
1 43823U 18100A   25344.87503719 -.00000339  00000+0  00000+0 0  9992
2 43823   0.0424 144.1985 0000055   1.5245  17.3918  1.00269356 25740
METEOR-M2 2             
1 44387U 19038A   25344.91033997  .00000314  00000+0  15584-3 0  9999
2 44387  98.8973 324.6162 0001200 152.3168 207.8075 14.24290551334490
ARKTIKA-M 1             
1 47719U 21016A   25343.58569282 -.00000061  00000+0  00000+0 0  9996
2 47719  63.1769  84.4506 7202538 269.1116  15.6235  2.00631311 34985
FENGYUN 3E              
1 49008U 21062A   25344.98309086  .00000160  00000+0  95906-4 0  9992
2 49008  98.7477 345.5246 0000596 278.3301  81.7807 14.19879960229871
GOES 18                 
1 51850U 22021A   25344.75110309  .00000101  00000+0  00000+0 0  9990
2 51850   0.0198 208.6180 0000708  97.8116 266.6878  1.00271681  4701
NOAA 21 (JPSS-2)        
1 54234U 22150A   25344.91091576  .00000172  00000+0  10227-3 0  9998
2 54234  98.7460 281.2420 0002280  41.4854 318.6495 14.19523435159830
METEOSAT-12 (MTG-I1)    
1 54743U 22170C   25344.90530878 -.00000002  00000+0  00000+0 0  9994
2 54743   0.6851  23.3010 0001822 236.3072 145.9424  1.00268433 11097
TIANMU-1 03             
1 55973U 23039A   25344.87339156  .00022185  00000+0  54207-3 0  9994
2 55973  97.5111 147.4727 0004442  66.6260 293.5453 15.40834061151771
TIANMU-1 04             
1 55974U 23039B   25344.91817258  .00021844  00000+0  52783-3 0  9992
2 55974  97.5043 146.7106 0005122  61.9533 298.2231 15.41171338151785
TIANMU-1 05             
1 55975U 23039C   25344.84702677  .00021121  00000+0  51698-3 0  9995
2 55975  97.5090 147.1298 0004363  83.6668 276.5075 15.40791020151758
TIANMU-1 06             
1 55976U 23039D   25344.92040883  .00021887  00000+0  52796-3 0  9998
2 55976  97.5100 147.6688 0004697  78.9648 281.2126 15.41224056151788
FENGYUN 3G              
1 56232U 23055A   25344.92322547  .00044011  00000+0  68245-3 0  9992
2 56232  49.9931 236.8282 0009292 139.9753 220.1901 15.53467964150747
METEOR-M2 3             
1 57166U 23091A   25344.93492326  .00000038  00000+0  35482-4 0  9992
2 57166  98.6380  38.5058 0004012  13.8982 346.2307 14.24025773127727
TIANMU-1 07             
1 57399U 23101A   25344.95816392  .00011366  00000+0  41802-3 0  9995
2 57399  97.2878  34.8469 0005610  86.1088 274.0793 15.28027801132881
TIANMU-1 08             
1 57400U 23101B   25344.92508954  .00010266  00000+0  37791-3 0  9997
2 57400  97.2867  34.6129 0007575  88.9003 271.3104 15.28010728132877
TIANMU-1 09             
1 57401U 23101C   25344.97739385  .00011332  00000+0  41653-3 0  9994
2 57401  97.2823  34.1784 0006808  88.6490 271.5530 15.28040116132887
TIANMU-1 10             
1 57402U 23101D   25344.94611336  .00011326  00000+0  41628-3 0  9992
2 57402  97.2904  34.9957 0008579  88.6162 271.6061 15.28030566132878
FENGYUN 3F              
1 57490U 23111A   25344.97019384  .00000133  00000+0  83140-4 0  9998
2 57490  98.7086  53.2921 0000656  98.2604 261.8647 14.19892846122150
ARKTIKA-M 2             
1 58584U 23198A   25342.84043955  .00000166  00000+0  00000+0 0  9998
2 58584  63.2247 175.3152 6864699 268.1185  18.8267  2.00604760 14506
TIANMU-1 11             
1 58645U 23205A   25344.97498126  .00008963  00000+0  36636-3 0  9996
2 58645  97.3611   4.6290 0008057 317.7689  42.2927 15.24563448108826
TIANMU-1 12             
1 58646U 23205B   25345.00179270  .00009772  00000+0  40067-3 0  9990
2 58646  97.3599   4.4615 0005956 299.1808  60.8834 15.24445493108813
TIANMU-1 13             
1 58647U 23205C   25344.96975061  .00009288  00000+0  38050-3 0  9998
2 58647  97.3626   4.6301 0006037 275.4754  84.5795 15.24487634108808
TIANMU-1 14             
1 58648U 23205D   25345.01876910  .00009565  00000+0  39186-3 0  9998
2 58648  97.3559   4.0286 0006881 280.3510  79.6952 15.24472089108811
TIANMU-1 19             
1 58660U 23208A   25344.91065689  .00013659  00000+0  50540-3 0  9992
2 58660  97.4387  95.9512 0004038 261.3704  98.7078 15.27794559108545
TIANMU-1 20             
1 58661U 23208B   25344.96402416  .00013361  00000+0  47669-3 0  9999
2 58661  97.4323  96.4503 0006289 273.5497  86.5023 15.28986869108628
TIANMU-1 21             
1 58662U 23208C   25344.96607392  .00015578  00000+0  51414-3 0  9995
2 58662  97.4372  98.3529 0005876 267.6317  92.4252 15.31487409108729
TIANMU-1 22             
1 58663U 23208D   25344.91014900  .00012672  00000+0  47262-3 0  9996
2 58663  97.4380  96.0105 0002719 296.9865  63.1096 15.27553057108550
TIANMU-1 15             
1 58700U 24004A   25344.94868241  .00010202  00000+0  41582-3 0  9997
2 58700  97.4631 166.4251 0005251 306.0762  53.9989 15.24640913107077
TIANMU-1 16             
1 58701U 24004B   25344.93347438  .00010675  00000+0  43822-3 0  9990
2 58701  97.4571 165.8004 0004582 304.1427  55.9376 15.24392406107076
TIANMU-1 17             
1 58702U 24004C   25344.98376251  .00010679  00000+0  43782-3 0  9990
2 58702  97.4605 166.2596 0003774 307.9556  52.1340 15.24438842107077
TIANMU-1 18             
1 58703U 24004D   25344.96706214  .00009822  00000+0  40310-3 0  9997
2 58703  97.4622 166.4380 0003116 308.9141  51.1818 15.24426696107074
INSAT-3DS               
1 58990U 24033A   25344.86585046 -.00000151  00000+0  00000+0 0  9999
2 58990   0.0359 129.2475 0001525 134.2355 210.1340  1.00274500 45184
METEOR-M2 4             
1 59051U 24039A   25344.94657716  .00000094  00000+0  61689-4 0  9997
2 59051  98.6764 301.8836 0007132   3.6548 356.4681 14.22400886 92504
GOES 19                 
1 60133U 24119A   25344.83473694 -.00000243  00000+0  00000+0 0  9990
2 60133   0.0087 100.8993 0001333 207.6379 356.5905  1.00271191  5071
FENGYUN 3H              
1 65815U 25219A   25344.89666289  .00000181  00000+0  10562-3 0  9992
2 65815  98.6582 284.5271 0000603  88.5652 271.5594 14.19903910 10660
